1,小肉,0.5 ,0.0 ,0.0 ,0.0 ,0.0 ,0.0
2,鸡腿,0.5 ,0.0 ,0.0 ,0.0 ,0.0 ,0.0
3,蛙肉,0.5 ,0.0 ,0.0 ,0.0 ,0.0 ,0.0
4,鱼肉,0.5 ,0.0 ,0.0 ,0.0 ,1.0 ,0.0
5,鳗鱼肉,0.5 ,0.0 ,0.0 ,0.0 ,1.0 ,0.0
6,大肉,1.0 ,0.0 ,0.0 ,0.0 ,0.0 ,0.0
7,怪物肉,1.0 ,0.0 ,0.0 ,0.0 ,0.0 ,1.0
8,龙虾,0.0 ,0.0 ,0.0 ,0.0 ,2.0 ,0.0
9,鸟蛋,0.0 ,1.0 ,0.0 ,0.0 ,0.0 ,0.0
10,高脚鸟蛋,0.0 ,4.0 ,0.0 ,0.0 ,0.0 ,0.0
11,红蘑菇,0.0 ,0.0 ,0.5 ,0.0 ,0.0 ,0.0
12,绿蘑菇,0.0 ,0.0 ,0.5 ,0.0 ,0.0 ,0.0
13,蓝蘑菇,0.0 ,0.0 ,0.5 ,0.0 ,0.0 ,0.0
14,胡萝卜,0.0 ,0.0 ,1.0 ,0.0 ,0.0 ,0.0
15,玉米,0.0 ,0.0 ,1.0 ,0.0 ,0.0 ,0.0
16,南瓜,0.0 ,0.0 ,1.0 ,0.0 ,0.0 ,0.0
17,茄子,0.0 ,0.0 ,1.0 ,0.0 ,0.0 ,0.0
18,苔藓,0.0 ,0.0 ,1.0 ,0.0 ,0.0 ,0.0
19,仙人掌肉,0.0 ,0.0 ,1.0 ,0.0 ,0.0 ,0.0
20,仙人掌花,0.0 ,0.0 ,1.0 ,0.0 ,0.0 ,0.0
21,番薯,0.0 ,0.0 ,1.0 ,0.0 ,0.0 ,0.0
22,海带,0.0 ,0.0 ,1.0 ,0.0 ,0.0 ,0.0
23,浆果,0.0 ,0.0 ,0.0 ,0.5 ,0.0 ,0.0
24,石榴,0.0 ,0.0 ,0.0 ,1.0 ,0.0 ,0.0
25,榴莲,0.0 ,0.0 ,0.0 ,1.0 ,0.0 ,1.0
26,火龙果,0.0 ,0.0 ,0.0 ,1.0 ,0.0 ,0.0
27,西瓜,0.0 ,0.0 ,0.0 ,1.0 ,0.0 ,0.0
28,香蕉,0.0 ,0.0 ,0.0 ,1.0 ,0.0 ,0.0
29,树枝,0.0 ,0.0 ,0.0 ,0.0 ,0.0 ,0.0
30,曼德拉草,0.0 ,0.0 ,0.0 ,0.0 ,0.0 ,0.0
31,蜂蜜,0.0 ,0.0 ,0.0 ,0.0 ,0.0 ,0.0