1,曼德拉汤,0.0 ,0.0 ,0.0 ,0.0 ,0.0 ,30,100.0 ,150.0 ,5.0
2,花瓣沙拉,0.0 ,0.0 ,2.0 ,0.0 ,0.0 ,20,40.0 ,12.5 ,5.0
3,培根煎蛋,1.5 ,2.0 ,0.0 ,0.0 ,0.0 ,0,20.0 ,75.0 ,5.0
4,太妃糖,0.0 ,0.0 ,0.0 ,0.0 ,0.0 ,31,-3.0 ,25.0 ,15.0
5,炸鱼玉米卷,0.0 ,0.0 ,0.0 ,0.0 ,0.5 ,15,20.0 ,37.5 ,5.0
6,炸鱼条,0.0 ,0.0 ,0.0 ,0.0 ,0.5 ,29,40.0 ,37.5 ,5.0
7,火鸡大餐,0.5 ,0.0 ,0.0 ,0.5 ,0.0 ,2,20.0 ,75.0 ,5.0
8,火鸡大餐,0.5 ,0.0 ,0.5 ,0.0 ,0.0 ,2,20.0 ,75.0 ,5.0
9,辣椒肉酱,1.5 ,0.0 ,1.5 ,0.0 ,0.0 ,0,20.0 ,37.5 ,0.0
10,怪物千层面,0.0 ,0.0 ,0.0 ,0.0 ,0.0 ,0,-20.0 ,37.5 ,-20.0
11,波兰水饺,0.5 ,1.0 ,0.5 ,0.0 ,0.0 ,0,40.0 ,37.5 ,5.0
12,烤肉串,0.5 ,0.0 ,0.0 ,0.0 ,0.0 ,29,3.0 ,37.5 ,5.0
13,蜜汁火腿,2.0 ,0.0 ,0.0 ,0.0 ,0.0 ,31,30.0 ,75.0 ,5.0
14,甜蜜金砖,0.5 ,0.0 ,0.0 ,0.0 ,0.0 ,31,20.0 ,37.5 ,5.0
15,火龙果派,0.0 ,0.0 ,0.0 ,1.0 ,0.0 ,26,40.0 ,75.0 ,5.0
16,蛙腿三明治,0.5 ,0.0 ,0.5 ,0.0 ,0.0 ,3,20.0 ,37.5 ,5.0
17,茄子煲,0.0 ,0.0 ,1.0 ,0.0 ,0.0 ,17,3.0 ,37.5 ,5.0
18,炖肉汤,3.0 ,0.0 ,0.0 ,0.0 ,0.0 ,0,12.0 ,150.0 ,5.0
19,果酱蜜饯,0.0 ,0.0 ,0.0 ,0.5 ,0.0 ,0,3.0 ,37.5 ,5.0
20,蔬菜杂烩,0.0 ,0.0 ,0.5 ,0.0 ,0.0 ,0,3.0 ,25.0 ,5.0
21,水果拼盘,0.0 ,0.0 ,0.0 ,3.0 ,0.0 ,0,20.0 ,25.0 ,5.0
22,肉丸,0.5 ,0.0 ,0.0 ,0.0 ,0.0 ,0,3.0 ,62.5 ,5.0
23,湿腻焦糊,0.0 ,0.0 ,0.0 ,0.0 ,0.0 ,29,0.0 ,0.0 ,0.0